[gd_scene load_steps=11 format=2]

[ext_resource path="res://Models/Door.tscn" type="PackedScene" id=1]
[ext_resource path="res://Models/MinorDetails/Chair.tscn" type="PackedScene" id=2]
[ext_resource path="res://Entities/NPCs/InnKeeper.tscn" type="PackedScene" id=3]
[ext_resource path="res://Models/MinorDetails/Window_3.tscn" type="PackedScene" id=4]
[ext_resource path="res://Models/MinorDetails/Fire.tscn" type="PackedScene" id=5]
[ext_resource path="res://Models/Inn_Interior.tscn" type="PackedScene" id=6]
[ext_resource path="res://Models/MinorDetails/Table.tscn" type="PackedScene" id=7]
[ext_resource path="res://Models/MinorDetails/Fireplace.tscn" type="PackedScene" id=8]
[ext_resource path="res://InnInterior.gd" type="Script" id=9]

[sub_resource type="Animation" id=1]
resource_name = "Fire"
length = 1.2
loop = true
tracks/0/type = "value"
tracks/0/path = NodePath(".:frame")
tracks/0/interp = 1
tracks/0/loop_wrap = true
tracks/0/imported = false
tracks/0/enabled = true
tracks/0/keys = {
"times": PoolRealArray( 0, 0.2, 0.4, 0.6, 0.8, 1 ),
"transitions": PoolRealArray( 1, 1, 1, 1, 1, 1 ),
"update": 1,
"values": [ 0, 3, 6, 9, 6, 3 ]
}
tracks/1/type = "bezier"
tracks/1/path = NodePath("OmniLight:light_energy")
tracks/1/interp = 1
tracks/1/loop_wrap = true
tracks/1/imported = false
tracks/1/enabled = true
tracks/1/keys = {
"points": PoolRealArray( 1, -0.25, 0, 0.25, 0, 0.8, -0.25, 0, 0.25, 0, 0.6, -0.25, 0, 0.25, 0, 0.7, -0.25, 0, 0.25, 0, 0.6, -0.25, 0, 0.25, 0, 0.8, -0.25, 0, 0.25, 0, 1, -0.25, 0, 0.25, 0 ),
"times": PoolRealArray( 0, 0.2, 0.4, 0.6, 0.8, 1, 1.2 )
}

[node name="Inn_Interior" instance=ExtResource( 6 )]
script = ExtResource( 9 )

[node name="Fireplace" parent="." index="1" instance=ExtResource( 8 )]
transform = Transform( 1, 0, 0, 0, 1, 0, 0, 0, 1, 7.67789, 0.57005, -9.9048 )

[node name="Fire" parent="Fireplace" index="1" instance=ExtResource( 5 )]
transform = Transform( 1, 0, 0, 0, 1, 0, 0, 0, 1, -0.785038, -0.52085, 1.08871 )

[node name="Fire2" parent="Fireplace" index="2" instance=ExtResource( 5 )]
transform = Transform( 1, 0, 0, 0, 1, 0, 0, 0, 1, -0.785038, -0.52085, 1.62843 )

[node name="Sprite3D" parent="Fireplace/Fire2" index="0"]
frame = 9

[node name="AnimationPlayer" parent="Fireplace/Fire2/Sprite3D" index="0"]
anims/Fire = SubResource( 1 )

[node name="OmniLight" parent="Fireplace/Fire2/Sprite3D" index="1"]
light_energy = 0.685607

[node name="Chair" parent="." index="2" instance=ExtResource( 2 )]
transform = Transform( 1, 0, 0, 0, 1, 0, 0, 0, 1, 0.741853, -0.55463, -7.08079 )

[node name="Chair2" parent="." index="3" instance=ExtResource( 2 )]
transform = Transform( 0.65235, 0, 0.757918, 0, 1, 0, -0.757918, 0, 0.65235, 6.31665, -0.55463, -12.7585 )

[node name="Chair3" parent="." index="4" instance=ExtResource( 2 )]
transform = Transform( 0.774249, 0, -0.632881, 0, 1, 0, 0.632881, 0, 0.774249, 6.31511, -0.55463, -6.31726 )

[node name="Chair4" parent="." index="5" instance=ExtResource( 2 )]
transform = Transform( -0.937543, 0, 0.347868, 0, 1, 0, -0.347868, 0, -0.937543, -1.70099, -0.55463, -9.21213 )

[node name="Chair5" parent="." index="6" instance=ExtResource( 2 )]
transform = Transform( -0.967885, 0, -0.251394, 0, 1, 0, 0.251394, 0, -0.967885, -1.68186, -0.55463, -7.08079 )

[node name="Chair6" parent="." index="7" instance=ExtResource( 2 )]
transform = Transform( 0.997359, 0, -0.072629, 0, 1, 0, 0.072629, 0, 0.997359, 0.741853, -0.55463, -8.5914 )

[node name="Table" parent="." index="8" instance=ExtResource( 7 )]
transform = Transform( 1, 0, 0, 0, 1, 0, 0, 0, 1, 0.84241, -0.0792719, -9.32535 )

[node name="Window_3" parent="." index="9" instance=ExtResource( 4 )]
transform = Transform( -1, 0, -3.25841e-07, 0, 1, 0, 3.25841e-07, 0, -1, -1.10015, 0.473495, -14.0523 )

[node name="Window_4" parent="." index="10" instance=ExtResource( 4 )]
transform = Transform( -1, 0, -3.25841e-07, 0, 1, 0, 3.25841e-07, 0, -1, 0.575768, 0.473495, -14.0523 )

[node name="Window_5" parent="." index="11" instance=ExtResource( 4 )]
transform = Transform( 1, 0, 0, 0, 1, 0, 0, 0, 1, -0.572323, 0.473495, -4.06899 )

[node name="Window_6" parent="." index="12" instance=ExtResource( 4 )]
transform = Transform( 1, 0, 0, 0, 1, 0, 0, 0, 1, 1.0818, 0.473495, -4.06899 )

[node name="Spatial" parent="." index="13" instance=ExtResource( 3 )]
transform = Transform( -0.838347, 0, -0.545137, 0, 1, 0, 0.545137, 0, -0.838347, 4.91963, -0.429207, -7.96014 )

[node name="KinematicBody" parent="Spatial" index="0"]
transform = Transform( 0.961406, 0, -0.275134, 0, 1, 0, 0.275134, 0, 0.961406, 0, 0, 0 )

[node name="Sprite3D" parent="Spatial/KinematicBody" index="0"]
frame = 9
self_rot = 180

[node name="Door" parent="." index="14" instance=ExtResource( 1 )]
transform = Transform( 1, 0, 0, 0, 1, 0, 0, 0, 1, 2.02597, 0, -13.6132 )

[node name="Sprite3D" parent="Door" index="0"]
transform = Transform( 1, 0, 0, 0, 1, 0, 0, 0, 1, 0.177719, 0.49913, -0.364395 )
pixel_size = 0.07

[node name="StaticBody" parent="Door/Sprite3D" index="0"]
is_exit = true

[node name="CollisionShape" parent="Door/Sprite3D/StaticBody" index="0"]
transform = Transform( 1, 0, 0, 0, 1, 0, 0, 0, 1, 0, 0.0656561, 0 )

[node name="Door2" parent="." index="15" instance=ExtResource( 1 )]
transform = Transform( 1, 0, 0, 0, 1, 0, 0, 0, 1, 3.09401, 0, -13.6132 )

[node name="Sprite3D" parent="Door2" index="0"]
transform = Transform( 1, 0, 0, 0, 1, 0, 0, 0, 1, 0.177719, 0.49913, -0.364395 )
flip_h = true
pixel_size = 0.07

[node name="StaticBody" parent="Door2/Sprite3D" index="0"]
is_exit = true

[editable path="Fireplace/Fire2"]

[editable path="Spatial"]

[editable path="Door"]

[editable path="Door2"]
